185
796
1173
1227
1241
1260
1359
2453
2654
2829
3112
3152
3196
3198
3295
3329
3347
3495
3624
3670
3754
3787
7538
7900
8371
8392
8436
8457
8483
8493
8532
8934
8942
9019
9023
9032
9111
9124
9682
9807
9813
9819
9824
9840
9887
9932
9981
10017
11064
11346
11850
11956
11972
12060
12384
12388
12540
12582
12790
12872
13454
13620
13642
13766
13808
14778
14818
14840
14848
15116
15190
15322
15482
15548
15854
15856
15992
16096
16156
16366
16592
16694
16750
16814
16818
16844
17041
17129
17204
17209
17405
17465
17524
17525
18028
18554
18672
18820
20116
20176
20270
20272
20628
20770
20804
20824
21228
21456
21518
21668
24432
24790
24802
25192
25264
25292
25432
25494
25664
25814
27228
27238
27445
27448
27531
27646
27658
27701
27819
27827
27918
28425
28426
28471
28522
28630
28654
28655
28656
28663
29233
29356
29616
32126
32196
32498
32884
33000
33080
33204
33442
33540
33668
35292
35338
35462
35828
37854
38716
38994
39180
39586
40782
40922
41212
41272
41414
41620
41942
42954
43107
43288
44000
44660
46684
46703
46704
46770
46850
47028
47050
47294
47850
47885
47948
47960
48118
48146
48192
48222
50764
50844
50886
51133
51136
51174
51269
51298
51944
60457
63599
64623
64626
64634
64647
64774
65169
65360
65453
68658
70105
70175
70223
70232
72792
72865
72955
73065
73146
73149
73200
73224
73276
73377
73424
74852
80434
80438
80448
81597
81662
81685
85802
90246
90268
90278
90307
90427
90552
90553
90599
