136
163
175
347
1109
1116
1139
1147
1166
1172
1180
1200
1201
1222
1240
1241
1248
1249
1260
1263
1364
2443
2446
2468
2471
2481
2490
2518
2520
2523
2528
2552
2562
2568
2583
2615
2616
2618
2632
2679
2826
2857
2858
2882
2893
2895
2906
2917
2935
2941
2964
2965
2998
3002
3014
3018
3019
3090
3106
3152
3198
3249
3250
3339
3402
3421
3426
3431
3450
3455
3459
3467
3479
3499
3519
3548
3577
3614
3639
3660
3670
3676
3693
3707
3764
3770
3775
3785
3789
3794
7364
7414
7458
7504
7552
7568
7618
7646
7672
7694
7732
7738
7756
7758
7764
7778
7780
7817
7845
7857
7870
7878
7892
7900
7909
7932
7936
8358
8362
8365
8378
8386
8405
8436
8443
8464
8469
8493
8500
8524
8531
8532
8548
8554
8865
8876
8880
8882
8911
8919
8929
8936
8942
8955
8958
8964
8977
8980
8987
9012
9023
9030
9042
9049
9055
9067
9086
9110
9116
9124
9131
9150
9152
9154
9527
9528
9546
9629
9632
9672
9675
9680
9682
9702
9716
9735
9751
9768
9771
9778
9785
9799
9805
9807
9816
9818
9819
9820
9824
9825
9840
9846
9849
9852
9855
9873
9887
9896
9907
9952
9966
10000
10003
11104
11140
11198
11212
11224
11234
11262
11292
11312
11328
11402
11408
11522
11582
11608
11680
11792
11808
11824
11832
11842
11850
11984
11994
11998
12096
12236
12286
12336
12424
12436
12450
12548
12564
12692
12708
12726
12804
12808
12818
12856
12864
12906
12942
12948
12998
13046
13050
13054
13092
13124
13144
13158
13168
13220
13230
13292
13302
13324
13354
13434
13444
13478
13552
13556
13620
13682
13712
13718
13720
13726
13764
13812
13823
14470
14476
14490
14498
14556
14606
14648
14694
14709
14725
14726
14780
14818
14830
14840
14844
14920
14970
15004
15034
15036
15176
15190
15244
15278
15306
15314
15320
15322
15370
15378
15406
15482
15552
15576
15784
15824
15854
15902
15904
15906
15940
16010
16048
16068
16074
16078
16174
16204
16382
16386
16404
16528
16548
16560
16564
16570
16618
16626
16640
16652
16654
16662
16684
16690
16718
16720
16724
16732
16740
16748
16756
16798
16814
16818
16820
16840
16842
16912
16922
16924
16938
16996
17014
17015
17021
17032
17052
17129
17131
17132
17144
17183
17209
17217
17229
17233
17249
17255
17272
17273
17277
17294
17306
17314
17324
17335
17391
17409
17443
17461
17466
17469
17481
17502
17524
17525
17550
17563
17569
17576
17738
17780
17842
17854
17944
17970
18006
18024
18026
18028
18040
18074
18096
18126
18170
18224
18240
18368
18370
18426
18432
18496
18514
18584
18658
18672
18674
18678
18736
18752
18780
18794
18824
18854
18868
19888
20164
20176
20228
20270
20282
20308
20340
20406
20428
20432
20560
20566
20596
20648
20654
20714
20716
20742
20750
20790
20804
20824
20866
20968
21152
21214
21246
21258
21278
21312
21320
21370
21436
21480
21492
21518
21724
21732
21788
21808
21900
22674
22754
22798
22824
22872
22874
22920
22984
23052
24174
24192
24297
24364
24378
24384
24432
24490
24574
24644
24648
24794
24870
25016
25018
25020
25024
25034
25050
25062
25082
25134
25192
25212
25238
25264
25270
25292
25308
25318
25328
25338
25352
25368
25432
25434
25446
25484
25494
25510
25522
25524
25528
25532
25538
25570
25664
25666
25706
25730
25776
25782
25808
25814
25876
25880
26074
27050
27189
27211
27232
27238
27357
27375
27380
27382
27383
27395
27424
27433
27448
27450
27463
27471
27475
27489
27547
27570
27605
27618
27634
27658
27662
27667
27675
27678
27680
27689
27693
27695
27697
27705
27724
27801
27805
27818
27819
27836
27861
27863
27929
27937
27939
28410
28425
28426
28510
28521
28541
28561
28609
28617
28654
28655
28656
28678
28695
28809
28812
28823
28827
28904
29040
29048
29103
29232
29266
29289
29351
29356
29358
29381
29385
29426
29435
29444
29484
29515
29523
29552
29553
29581
29612
30252
32122
32129
32183
32215
32290
32506
32536
32568
32656
32704
32768
32838
32884
32886
32906
32950
32966
32988
32994
33028
33078
33104
33124
33146
33148
33150
33178
33204
33222
33312
33344
33436
33438
33444
33598
33608
33642
33652
33662
33668
33702
33728
35168
35194
35292
35456
35458
35540
35544
35568
35604
37714
37738
37752
37806
37808
37832
37840
37854
37876
37888
37908
37910
38048
38060
38090
38174
38180
38554
38556
38562
38566
38662
38664
38698
38712
38728
38786
38816
38826
38830
38840
38924
38960
39006
39054
39108
39122
39154
39198
39224
39246
39260
39280
39370
39392
39454
39564
39626
40724
40730
40732
40868
40904
40928
40950
41008
41104
41164
41210
41212
41272
41420
41484
41572
41584
41654
41682
41780
41816
41840
41866
41988
42922
42954
43002
43124
43140
43152
43224
43262
43340
43352
43378
43394
43398
43454
43500
43512
43520
43558
43590
43604
43614
43658
43736
43746
43846
43938
43958
43978
43994
44660
46673
46684
46690
46694
46708
46712
46716
46770
46858
46872
46938
46964
46998
47028
47168
47212
47248
47292
47310
47858
47862
47885
47932
47952
47956
47960
47980
47984
47990
47992
48004
48016
48018
48118
48120
48146
48174
48194
48222
48242
48304
48400
48402
50276
50310
50338
50372
50376
50554
50560
50582
50596
50642
50668
50696
50746
50752
50792
50838
50856
50918
50986
51004
51128
51130
51133
51136
51139
51141
51174
51177
51193
51246
51247
51269
51271
51285
51298
51824
51830
51846
51866
51894
51904
51934
54330
54374
54388
54408
55633
55665
55671
55685
55741
55763
55813
55819
55875
55947
55975
56025
56035
56127
60457
60542
61308
61354
61356
61412
61456
61504
63612
63622
63632
63641
64583
64587
64626
64634
64645
64651
64672
64676
64696
64744
64774
64819
64841
65037
65117
65128
65145
65219
65220
65231
65239
65319
65331
65419
65442
65451
65470
65491
65504
65534
65542
65544
65546
65562
65591
65595
68666
68686
68694
68698
68702
68730
69903
69909
69942
70034
70062
70075
70091
70105
70116
70129
70141
70154
70158
70193
71350
71355
71383
71503
71517
72799
72804
72819
72852
72865
72869
72870
72877
72883
72897
72954
72956
72976
72987
73018
73033
73065
73113
73120
73130
73140
73147
73162
73164
73227
73232
73265
73278
73283
73336
73340
73344
73359
73377
73386
73395
73403
74676
74760
74761
74789
74794
76798
76801
76804
76820
76829
80434
80438
80439
80440
80445
81563
81637
81661
81662
81672
81691
81716
81722
81726
81732
81736
81748
81774
81784
81804
81821
81825
81831
81838
81854
81859
84523
84541
85771
85789
85796
85801
90231
90233
90239
90246
90253
90269
90275
90277
90283
90305
90307
90309
90327
90373
90376
90386
90396
90397
90412
90415
90418
90449
90469
90499
90541
90544
90553
90555
90577
