144 3.0999999046325684
1136 1.3799999952316284
1204 2.119999885559082
1358 29.8799991607666
1360 4.179999828338623
2478 1.8899999856948853
2485 5.980000019073486
2498 4.269999980926514
2531 1.8200000524520874
2572 7.809999942779541
2578 1.350000023841858
2598 5.389999866485596
2612 4.570000171661377
2618 2.7799999713897705
2625 3.619999885559082
2632 4.179999828338623
2685 2.2699999809265137
2692 23.440000534057617
2861 7.590000152587891
2901 195.47000122070312
2948 6.5
3095 528.6199951171875
3109 2.2699999809265137
3115 12.850000381469727
3124 2.2300000190734863
3137 2.6700000762939453
3171 5.110000133514404
3199 1.2100000381469727
3206 2.25
3213 4.190000057220459
3246 1.5700000524520874
3259 3.5199999809265137
3378 4.199999809265137
3405 2.259999990463257
3506 1.9800000190734863
3539 12.850000381469727
3607 3.2799999713897705
3661 1.4800000190734863
3745 6.860000133514404
3765 2.8499999046325684
3785 520.739990234375
3798 1.5499999523162842
7366 2.3299999237060547
7392 2.7200000286102295
7472 3.9100000858306885
7552 2.2100000381469727
7664 9.59000015258789
7729 1.8600000143051147
7760 1.6799999475479126
7768 1.590000033378601
7801 2.6700000762939453
7808 422.05999755859375
7815 1.6399999856948853
7861 2.559999942779541
7875 3.890000104904175
8361 3.299999952316284
8394 3.3299999237060547
8429 2.8499999046325684
8469 3.9100000858306885
8495 1.149999976158142
8555 5.389999866485596
8866 33.369998931884766
8939 132.10000610351562
8993 9.970000267028809
9013 6.059999942779541
9026 1.8600000143051147
9039 3.9200000762939453
9046 1.8700000047683716
9066 1.690000057220459
9126 3.1600000858306885
9528 1.4199999570846558
9608 38.790000915527344
9662 2.2699999809265137
9762 1.7200000286102295
9987 3.0399999618530273
10946 2.059999942779541
10958 1.8899999856948853
11052 7.809999942779541
11106 6.690000057220459
11120 11.520000457763672
11176 3.4800000190734863
11190 3.190000057220459
11232 2.2799999713897705
11244 2.0999999046325684
11272 2.630000114440918
11298 3.7799999713897705
11326 2.109999895095825
11578 3.1700000762939453
11620 2.2699999809265137
11634 2.7699999809265137
11736 1.3799999952316284
11750 2.109999895095825
11776 3.440000057220459
11956 15.609999656677246
11996 56.959999084472656
12010 1.8799999952316284
12324 7.809999942779541
12364 4.570000171661377
12376 1.5800000429153442
12486 1.8899999856948853
12620 3.0899999141693115
12646 4.179999828338623
12660 9.899999618530273
12744 174.1999969482422
12816 11.520000457763672
12858 1.8799999952316284
13268 56.959999084472656
13362 1.850000023841858
13570 17.100000381469727
13598 3.549999952316284
13638 3.4000000953674316
13736 44.560001373291016
14470 5.389999866485596
14590 2.5299999713897705
14604 8.40999984741211
14642 1.9900000095367432
14690 3.7799999713897705
14704 1.3799999952316284
14790 40.369998931884766
14926 29.8799991607666
15260 2.240000009536743
15494 2.3299999237060547
15522 2.6700000762939453
15788 224.89999389648438
15816 1.6799999475479126
15954 2.5899999141693115
16130 6.230000019073486
16172 3.559999942779541
16360 2.630000114440918
16424 1.8300000429153442
16474 12.399999618530273
16730 2.5999999046325684
16798 1.9199999570846558
16880 2.2100000381469727
16934 1.25
17032 1.4199999570846558
17038 1.809999942779541
17084 56.959999084472656
17119 34.220001220703125
17125 2.4200000762939453
17132 2.2699999809265137
17139 2.9700000286102295
17152 5.130000114440918
17192 4.079999923706055
17199 12.529999732971191
17226 2.5899999141693115
17365 2.140000104904175
17408 174.1999969482422
17465 3.619999885559082
17531 12.850000381469727
17546 1.690000057220459
17560 422.05999755859375
17567 1.6399999856948853
17610 1.9900000095367432
17650 2.5899999141693115
17676 1.75
17704 7.019999980926514
17744 3.8499999046325684
17760 5.730000019073486
18198 3.5299999713897705
18292 3.559999942779541
18306 2.7799999713897705
18494 1.9199999570846558
18552 7.019999980926514
18566 2.2699999809265137
18684 7.809999942779541
18752 11.520000457763672
18818 1.690000057220459
18860 1.590000033378601
19892 2.0399999618530273
20006 1.809999942779541
20202 3.7799999713897705
20258 1.8700000047683716
20352 1.7999999523162842
20410 5.989999771118164
20426 2.7799999713897705
20580 3.809999942779541
20692 11.710000038146973
20772 2.240000009536743
20798 2.3299999237060547
21012 2.369999885559082
21266 9.380000114440918
21406 2.140000104904175
21448 2.630000114440918
21476 3.4800000190734863
21502 2.109999895095825
21830 2.140000104904175
21844 2.0999999046325684
23004 1.899999976158142
23020 56.959999084472656
23082 2.7699999809265137
23886 1.8700000047683716
23900 2.2300000190734863
24060 5.760000228881836
24574 1.5499999523162842
24602 1.7200000286102295
24648 2.069999933242798
24756 3.009999990463257
24870 1.5700000524520874
25054 11.670000076293945
25070 5.389999866485596
25232 5.829999923706055
25392 5.730000019073486
25432 67.26000213623047
25486 1.8200000524520874
25550 143.39999389648438
25714 3.7799999713897705
25810 2.440000057220459
25968 41.349998474121094
26066 187.4499969482422
27358 3.1600000858306885
27426 3.0899999141693115
27445 1.2000000476837158
27460 3.0899999141693115
27520 1.9299999475479126
27561 153.3800048828125
27575 1.149999976158142
27581 3.5299999713897705
27608 5.369999885559082
27644 15.609999656677246
27754 2.5999999046325684
27804 21.530000686645508
27912 6.679999828338623
28448 2.9100000858306885
28455 3.0999999046325684
28474 9.380000114440918
28540 0.9599999785423279
28561 3.390000104904175
28607 1.1200000047683716
28614 2.140000104904175
28687 1.0700000524520874
28694 2.319999933242798
28701 1.2599999904632568
28722 7.809999942779541
28836 4.820000171661377
28959 528.6199951171875
28982 1.0199999809265137
29043 4.46999979019165
32794 5.210000038146973
32798 1.0199999809265137
32826 1.5199999809265137
32856 2.2799999713897705
32938 3.0899999141693115
33098 3.2100000381469727
33126 5.389999866485596
33310 2.25
33358 2.319999933242798
33370 45.15999984741211
33386 7.809999942779541
33422 4.179999828338623
33428 2.119999885559082
33534 11.670000076293945
33614 1.3600000143051147
33656 2.4000000953674316
35166 1.25
35191 2.6500000953674316
35242 9.970000267028809
35294 1.1799999475479126
35320 1.6799999475479126
35360 44.560001373291016
35506 7.809999942779541
35560 3.359999895095825
35756 5.75
35782 3.190000057220459
37828 9.84000015258789
37934 108.37999725341797
38028 1.75
38138 3.569999933242798
38150 1.2100000381469727
38218 5.989999771118164
38624 2.9100000858306885
38690 2.3399999141693115
39158 1.0199999809265137
39224 5.829999923706055
39304 3.700000047683716
39374 3.319999933242798
39386 4.269999980926514
39602 5.980000019073486
39632 1.4199999570846558
40716 2.559999942779541
40756 2.140000104904175
40770 9.380000114440918
40872 44.560001373291016
41000 3.700000047683716
41014 2.630000114440918
41048 2.2100000381469727
41244 2.319999933242798
41360 4.079999923706055
41490 12.399999618530273
41784 4.079999923706055
41812 2.859999895095825
41866 7.809999942779541
41880 3.440000057220459
41892 11.710000038146973
42976 3.4800000190734863
43148 3.0899999141693115
43240 67.26000213623047
43294 1.8200000524520874
43420 2.2699999809265137
43460 3.619999885559082
43512 3.9100000858306885
43596 89.7699966430664
43690 6.230000019073486
43830 2.3299999237060547
43858 2.7699999809265137
43888 5.829999923706055
46724 15.609999656677246
48034 1.8600000143051147
48078 3.190000057220459
48172 2.859999895095825
48226 7.809999942779541
48252 11.710000038146973
48266 2.7100000381469727
48306 5.210000038146973
48360 174.1999969482422
48510 2.5299999713897705
48636 3.690000057220459
50266 3.2300000190734863
50314 11.4399995803833
50396 9.899999618530273
50642 2.7699999809265137
50668 3.619999885559082
50738 11.4399995803833
51131 4.739999771118164
51172 1.75
51207 2.859999895095825
51220 11.710000038146973
51247 1.5199999809265137
51269 1.3300000429153442
54384 2.390000104904175
55627 1.9299999475479126
55679 3.9200000762939453
55753 2.4700000286102295
55783 12.529999732971191
55985 2.1500000953674316
56025 4.690000057220459
56051 1.9299999475479126
61344 1.3799999952316284
61358 2.109999895095825
61454 1.25
61518 11.670000076293945
64574 5.789999961853027
64591 1.3899999856948853
64650 187.4499969482422
64678 2.3299999237060547
64731 1.7400000095367432
64755 17.739999771118164
64816 3.359999895095825
64831 3.759999990463257
64955 1.9299999475479126
65045 21.860000610351562
65120 2.630000114440918
65133 2.0299999713897705
65146 3.7799999713897705
65232 3.8499999046325684
65245 2.8499999046325684
65252 3.130000114440918
65281 2.5199999809265137
65295 2.6500000953674316
65411 22.040000915527344
65456 2.4000000953674316
65503 9.930000305175781
65516 2.0999999046325684
65524 3.809999942779541
68677 3.9100000858306885
68684 2.240000009536743
69848 1.8300000429153442
69894 1.8899999856948853
69923 2.190000057220459
70006 1.8200000524520874
70012 2.140000104904175
70065 27.959999084472656
70077 2.9700000286102295
70081 1.9900000095367432
70153 2.5799999237060547
71406 2.5299999713897705
71471 12.529999732971191
72819 6.760000228881836
72889 64.8499984741211
72937 3.009999990463257
73057 285.44000244140625
73128 1.4199999570846558
73151 22.8700008392334
73207 1.0700000524520874
73237 1.2000000476837158
73261 6.239999771118164
73269 2.450000047683716
73283 3.990000009536743
73329 2.4100000858306885
73359 492.9599914550781
73414 1.6299999952316284
74691 4.309999942779541
74711 2.319999933242798
74731 1.2400000095367432
74745 1.9900000095367432
74789 2.4200000762939453
74802 1.5199999809265137
74826 187.4499969482422
74857 1.5399999618530273
76836 9.84000015258789
76854 143.39999389648438
80426 3.0899999141693115
80433 6.880000114440918
80446 2.630000114440918
80459 24.149999618530273
80475 2.4100000858306885
81578 5.980000019073486
81631 22.8700008392334
81751 1.5299999713897705
81767 3.4600000381469727
81850 6.230000019073486
84527 124.44000244140625
85148 89.7699966430664
85154 2.7100000381469727
85211 1.8200000524520874
85224 1.7999999523162842
85276 2.140000104904175
85285 1.8799999952316284
85299 5.389999866485596
85326 1.1799999475479126
85359 3.9200000762939453
85373 1.4800000190734863
90221 6.239999771118164
90282 5.210000038146973
4.26
1358 2901 3095 3785 7808 8866 8939 9608 11996 12744 13268 13736 14790 14926 15788 17084 17119 17408 17560 23020 25432 25550 25968 26066 27561 28959 33370 35360 37934 40872 43240 43596 48360 64650 70065 72889 73057 73359 74826 76854 84527 85148